6880304514795
2760722353056
6750904523409
5920602515958
2280313362227
5610121416528
2320330526621
6851213526134
6170306197136
5960420363565
2550812200591
1451127511662
2500702527015
2270409283671
6690807216439
6910225515825
2400118524750
5700719428074
1200423518871
5560312128719
5560902037732
2531027302068
1271007515087
1781002515745
6130715516593
1701206075968
6440613157180
2461010516989
6650718519536
6590623512626
6221210523357
1140629527359
6100516526065
2490309514671
5621026408531
1620809517433
2140905325711
5230528528448
6710609517812
1600605514531
2780225247306
6300518338743
6470212511936
6201011518868
5680929515801
6100802517144
6740326521006
6340327517947
5680706210159
6340126529753
1290529511397
2490129525244
2220818236570
5790506391185
6350328511121
6990125513411
1000131210618
2800804070487
6600912378838
2740527528730
1130408279188
6201011510994
5670827415885
1440414510685
6400623512423
6500304527427
1870826518992
1220605525492
2400124511471
2360109526594
1800110183756
6110524513589
1360124468061
1820114513187
6710111514601
2801012513731
6601204528297
6540719519964
5561003514605
6300412243528
1710629515319
2540808519196
6411011520140
1500809529730
6390507514586
5521124524324
2960710518858
6680208248007
6510814514899
6621119512591
5900120117874
1320812188021
5190225086641
1330113190611
5890329448299
6150425175301
6310324526271
2001208511305
1380615259659
5110715265731
6710518511466
5150926511121
6590325021893
6651104131784
5670219451674
2411003349823
2841226526730
1980612045743
2260215124770
5281122514284
6890210521745
5190510517743
6360528512987
5170824294268
1881014515056
1990519524841
6640201514659
2130711525048
5170526516456
5921125515191
5550314518709
2630319510016
1650706511621
2330119510239
2740716523298
5340618527174
1821229518745
2330801105345
6511213138135
2341013510908
5660301325913
5300822521371
1380109029030
6280302510372
1520104512973
1910609512745
5870608105769
2601113527457
1661015513865
5600708522276
6760215466725
2530804525947
5380218118101
5470324058372
5230403529855
2470304525494
1100907445883
5630302526912
6800616136062
6731019520711
2111004524419
2701019458391
1700401519756
2680221262873
1491009050396
6510817516137
1460710429226
1960205422866
1941126519529
2151203519565
1871131528049
1191110178563
1960429527615
6800601512334
6610711515449
1920702517173
1811010079945
6761225519098
1171222333730
6160315515348
1281124515700
5400522147567
5720829514901
2200105510610
5160431512547
1620101520684
2290930520218
5861229242398
5560228512098
5151106521391
1201123372402
1620510513356
2820524514199
5830510519929
5330127524896
6100125515531
5231130524934
1360108392211
6331109519166
5160413515213
1960914529634
1690715405559
6860920518245
1570628526688
5421119513271
5180720518205
5780406023731
2300815510896
2180702528623
6800317294093
6700623218155
2390503528988
1901111529532
6300923520827
5301205527019
5980820518031
2350728517785
6640502179331
1580707517672
1801018510298
6790718510037
6720512512523
5190630528907
6490803131921
6801210511120
5800230514917
5910602159915
2310901521129
6501021517756
2810524512410
1120528525151
1400431248303
5500417356281
2910116526441
1100804524601
1480503463744
5591205030721
6290214029061
6990828427886
6240220519781
1260427144640
5770506524449
6001130511645
5910823120627
1871207523115
1300626527086
1840408521281
2681130514487
2200305510361
6940909523601
6620904012908
2190407519401
6620824512731
2271221067600
2650609526980
1780727249408
6420919518174
5961223529314
5350110523474
6451109513643
5920628519215
2530405319954
6350325322754
2190919294148
1220305529781
5240131526436
5560821513818
2821004516522
1801030511942
1500626216051
5231111520672
6921226519154
5150825123603
5980212518701
2801028519419
5870408510389
5901103194349
5100108516723
2411028513891
1940929168580
5360726520657
5960202529010
2540927511759
2700314521953
2110209521851
2290417527886
5000103528943
1470606512699
1691012028793
1300315350896
6890405528989
6870513396976
6780805510653
1190314525874
2981020293164
2600430514094
1811131136741
2260306523540
2280204524398
6950823526743
2520320524981
5511126346443
1700513263744
1440715518229
2140106520561
6730727516154
1391018132257
1990803525365
6920826529056
1860408519726
5920104529108
5160131511309
5130901390566
6341207241051
2511230518097
2781216517023
1260817164230
2801001524476
6601107517858
6301206387941
1360111529171
6250320520354
1780314514410
5370313512610
5740627517124
2430303511777
2500620516317
6900510514640
2370701529547
2401209523701
6590717521807
6730729510116
6110830526835
1340804512884
6570901067336
6960829138521
1811014257525
1771205511593
6320226510968
6280610526064
2421120423271
1760409163721
2710227510418
1101018514610
1851103529967
1390513515761
6791213522248
1100114513426
1820203525669
5361031387459
1800730527945
5330126287653
6140430515246
6950328522995
6560127520900
6891016102058
5900811524455
5850104522170
6300430527351
2541003451039
2940730245021
1520120261405
1271009528827
2330131515528
1551025511926
2161123511111
5830231524954
6120804518535
1530129519995
5640624510928
2300926516901
6821219515110
1510907528348
6890401529728
1631205510357
6331213513336
1600831109210
1100716524449
5201004510266
2920424255017
6221121513911
6131022521965
5170928379405
5101225514372
1391129222133
5960811518833
6700905524031
5310324514904
6901218519852
6000731521080
2831218522428
5980512520105
5990118201037
5750404459482
5730624460856
2240922283298
6190617519362
2700324184220
6380805510797
6470510153418
6920507517621
1280411032551
6210728516319
6871231511949
6720819395835
1680630105235
5780409511692
2640828220326
5330220518989
5890416526666
1900312526456
5611021204787
1270921521075
2410808524142
1500225529624
6571216519437
5940517104321
6910830518963
1360308513211
1980821510454
1521004512841
5660605521060
1591008157960
5600706132544
6290119511556
6950714164471
5600424515759
2940327086602
5520224423195
1471104526615
2300706513852
2591208174539
5450115529926
2291211526611
6941113520041
1721121510052
1630317510221
2280501368750
2200501520152
1000617527949
6711215528451
1510119526581
6700905529276
1961119516911
5900912522896
6690109521334
2531114513445
2860918290666
2631108515581
2770922075381
1860108391578
6550127522481
1450426188921
2290722261613
2470918527859
1161218526431
5800321524800
2940810090012
6231015511588
6690326516985
1260726528308
1510213523583
2490326510378
6801006404726
5540317518522
1600616527610
2160923024660
2980525387442
5400217513192
1531025523576
2311018443109
6940721524891
1400417524300
1551126520207
1870525511891
2650223529961
5560318510981
1420506514575
6131030425871
6800206529431
2540804517909
2570421317072
6860312524972
1140810513255
5620919524706
1850319301449
2120515126311
2880131526871
2490117526763
1000431522891
2360226524159
1420916119437
2830703519464
6570215513002
5110115205750
2101119020157
6541013526690
1700618515742
6440922352555
1610329057161
6850207519428
2790809515769
1560314515413
5250410521686
6851126117835
6480704521390
5151230521641
1160128092361
2840122520398
5890604520880
5500626468234
6000113529096
5190907517733
6480726515055
5271227517668
6300917521242
2680422101494
5200417311522
5920715512749
5960531297123
2660814314718
2100130525664
1200203419037
2180927527260
5800901351358
5700902525180
1110520520855
6510829524422
2670105513862
5761105512208
2740115297167
1361106255030
2901224512777
2981117388741
5180802524221
6110907513943
1151201516618
5610131513426
6711020516576
2871108528254
1370120175501
1990319510522
6911213524310
6600613514176
1100212051152
5800917515445
2970210061226
5661017516531
2900922053053
1370614510981
6670227519350
1130403523869
2400912520772
1930318523224
6451014011311
1700622162023
2660712517254
5250809113338
5930904286580
1790723527216
6700827525546
6401215511831
1800303524461
5810928311728
5340611104572
5530409523673
6930915086848
2650322285533
5550307514026
5800222525502
5200424528246
5930508432961
5481220394276
1100616264504
6780430295292
1180314512486
5551213144902
5911205513926
2130610169631
2601223107875
1531129414933
1480805519336
1130220524540
5130520519954
2610706282371
5270721514591
1860507511011
2420419511475
5660309529735
1210705514106
6521029036316
6110414526849
5550821148531
2340718523597
6400928086757
5580201521161
2900931528144
6620923513206
6281230518236
2970112528005
5160403521533
1270407523738
1650111524323
2490508510101
2730929527829
5970229169521
5330419527501
6881024256701
6870629403414
6960214513410
5771213237218
5570729525807
5781013512341
6571202525123
1150514529913
6731223064439
5720928315331
5991201511898
5200908523552
1861031526967
1271112071246
2460323512889
1241221137481
5221115515626
1970522366683
5180603517081
5520619515754
6210225528091
1681222335621
5150420334304
1170728414201
2200606512420
1540628077111
2930505526073
6330108399137
6170724520165
6161203425961
5970918036760
6350811525929
2470310529103
6320109512156
5521014516495
6950501510430
5830305523061
1250212512550
1810526520653
2400324155336
1801121521879
5870926524985
2000109385388
5930529511488
2910931522942
5210210516602
5201218130258
6601017367945
2581120515102
6180131512544
6330826295304
6910624390704
5280908511127
6500820515766
1860414517022
5220514067392
5690128526743
1100626512116
5941210303766
2510818520171
2210305463154
5980119292426
2100317529587
1900930529635
2601201516565
1350203527851
6321002512656
2980930510743
5491120526311
6940709510896
6230505102519
1760229525734
1900506170472
5790718527705
2000113333408
1220721049938
6881214365527
2140330527828
2750524331242
6650530523462
6871129526956
2871010512109
2391103522158
6381019525759
2410105161443
5470221407565
1520311208935
5280624054400
5390525055094
6410226521279
2701012245403
1371030382474
1310913517893
1360107515117
5221014270196
1310316520843
5261109513921
2440508512866
6621110522711
1660727514176
1350716521199
5921103524019
2720911522525
1500313522544
5400402217274
5740205521437
6900105528315
1440210090009
6840303032384
2861103524361
2711228519338
6540724514529
5191016206707
2430727525065
5650811527911
5801117517741
6701024513645
2710210528361
6730331444320
6990208511371
6670422385965
6990207520882
5500415526820
2250113232173
5351029042551
5930428361341
5510901517382
2491214526057
1630113512647
2110323150763
6201007516275
5241105196223
5720628521936
5730710302285
6730925130282
1431002510991
5691027444285
5440516256581
2860619529587
5611228241269
5141122515471
6440307256647
5700107371054
6641001159652
1861131526100
5480602513337
6251209248651
5200418322903
6630521516509
1210303528338
1630307463459
5380125521538
5871006525941
1850321514823
6750312513768
6160705529181
1380112528601
2540907044162
2520730514116
1710213513909
5300623517176
2890312513858
2870722522937
5300216184147
2980827087509
2820319039457
2800509527032
5131102222788
5520824208846
1340913406464
1811104510121
2981217523176
6660916523444
1800426424283
1150515521761
5400317465601
2620731520705
1310116514731
5461218260491
2770724524542
6220713127361
5590427510704
6721222529908
2200516520401
6371107517477
1650516520818
5681103511980
1110924511881
2890524515673
2211125511022
1290326525783
5191008513454
6730506512586
6480109302649
6370710408247
1470708369735
2111113510998
2390220522292
2820501529882
1900801522846
2100323130981
2980703524865
5540920528798
6151109108832
1540302528697
1801131518554
6691027527549
6140605528526
6700529513638
2370428083925
5890404063471
2130730524618
2491201189089
6340309520743
5610102512615
1421229514005
5740628512945
5350127362397
5630321525118
5130807526007
6980816518982
6750813526630
5401101520042
6220111514368
2201017518517
5180429196547
2100504519110
2190415317087
6870425525275
1981114529472
5660623263495
5801008057950
2760624517055
5710314024281
2680515247225
1420319127631
6690926516143
5170407525599
2610527440921
2920624521406
1410716528830
5591113527468
6400713018665
6290205281403
6780806526689
1321216517748
2241223517763
2650611359042
6331002388649
1160302522005
1310116061983
6810416528949
2640206512707
5881114510402
5470527373457
1220907511822
1950723523366
5150711515157
1200312515841
6241005143166
5120101392204
5700425520764
2390524511498
5600612295733
1570701520103
1481230354574
6320109523577
1800226375044
2460414528394
5450909525464
2781202092437
6500623515961
1300708520233
2810218518432
2401222510039
1520523033961
2550617511056
5920421078875
2561010519884
1171121513544
2311229513094
5491127229177
6101008459829
2840123519189
5560726522995
1890908521705
1101227511721
2281223192054
2740815516705
5280401423783
2320819323790
1800824528091
2600728525330
2280828510311
5420302461570
2460930151107
6270201520658
2601024521282
6560319206716
6290616529988
5110921033691
6220609517341
6421118523931
2860809518643
6520130374335
5870426511597
2871102279957
2131123512125
6750523278721
5880213427985
2420610328091
2310525393738
5781013157091
6490328519238
6990613523318
1701030511524
6100726517054
5560526510700
1890329439536
2440431517690
5520402510235
2511005520129
2431109469044
5360620209997
2700102512001
2320710041431
1700413299903
6150421314381
1810201526157
5590220023371
2561214092586
2110323522191
2721121181518
2000431520718
5410124030916
6290324445226
1611007233531
1891003510823
6220223245321
5800602513185
5800628528453
1570323217991
5801104017276
2230521334663
1290404514521
6510916518406
5130708516519
5440601518226
6960514525922
6270524513971
5640825143951
1760304515218
5501201523769
6900823281380
6470624513070
6671221030190
6101230517750
6520810522910
2250102524626
1321008381661
5660712212142
6640826405356
1960124513165
2831217526908
5800108519192
6280116516719
5320809511721
5700405519543
2501010215008
5800110512847
1720713527459
5320229293374
5890423511974
2200711523927
6910819463257
5440723523208
5890325526550
2400211525521
6210102521035
1250122528630
6140307519293
2300420511221
1270831299281
6891109299874
5150701524114
1341206111686
1750612510633
1150801510642
1301210345904
5800421512678
6400213522527
1220822518992
1250903371863
6651231519671
5550513523218
5931029528093
1101125423655
1781025518045
1851113340136
6570819515236
5300910517755
2710217517255
2960523529482
